#mass/MSun,name,radius/m,vx/kms,vy/kms,vz/kms,x/pc,y/pc,z/pc
92.2091059856,BH1,272385.596232,-37.2500642543,35.1281024502,0.0,4.69333813483,4.9768457416,-0.0230044731872
63.7475297399,BH2,188310.131748,45.0510267802,16.0726205277,0.0,2.63542290665,-7.38700373969,-0.0384290338955
44.8606108686,BH3,132518.194468,-4.45302135706,42.6954393136,0.0,9.69642877984,1.01131186698,0.425307835892
58.4945896128,BH4,172792.952472,10.2497019433,-41.3162296668,0.0,-9.62316869896,-2.38730909645,0.119493344043
66.1320591309,BH5,195354.028909,-40.0324043545,18.5538354749,0.0,3.87904826724,8.36957021393,0.0614450469567
88.5935591976,BH6,261705.275053,60.8902051533,36.6472823517,0.0,1.82736550745,-3.03620496522,0.0156425404225
95.8633947461,BH7,283180.361154,17.431483675,40.0224286072,0.0,8.64125393337,-3.76363659362,0.428261426664
61.3115309488,BH8,181114.194036,-50.7166821579,22.4874158025,0.0,2.3602823462,5.3232301393,-0.135113481212
59.6383624802,BH9,176171.656246,-10.2118539757,-51.4800960563,0.0,-6.38494952716,1.26655109854,-0.309887947834
94.1530945321,BH10,278128.13623,38.0686934492,-77.5024992549,0.0,-2.15314218984,-1.05760860315,0.0114938995763
24.9176618171,BH11,73606.7452147,18.7125047129,-48.9805940087,0.0,-6.0923171728,-2.32750370052,0.0911192979719
39.8990929834,BH12,117861.87617,42.314473686,-9.25524163089,0.0,-2.0457631706,-9.35312067499,0.25969785038
91.6585297533,BH13,270759.194656,34.2727832231,-29.3012213857,0.0,-5.73857323466,-6.71224157835,-0.127733598267
87.7813322047,BH14,259305.957422,-75.5022259189,-29.3059977763,0.0,-0.98684143482,2.54243945306,-0.076596973773
85.3675992937,BH15,252175.793095,112.144789648,2.2384884081,0.0,0.0283534494038,-1.42046374137,0.0638692332437
69.2425823636,BH16,204542.511069,-26.2980163687,47.8493422212,0.0,5.26926078285,2.89598769567,0.25422131886
79.3836442619,BH17,234499.196605,-99.6831282128,44.3099104511,0.0,0.610161000266,1.37266712121,0.00773799940519
98.7594530285,BH18,291735.31409,-55.2943791433,-14.6987579522,0.0,-1.40625957545,5.29012385889,0.135435157001
92.3722183646,BH19,272867.430017,27.6506791135,50.6338502103,0.0,4.72478641395,-2.58016233152,-0.193850085296
97.3375297853,BH20,287534.954416,46.348756494,-20.1136017747,0.0,-2.79696278115,-6.44517815945,0.0747894883235
53.5556668706,BH21,158203.3802,-7.73927321262,-42.6890114274,0.0,-9.39009630354,1.70237066533,0.10803300776
90.0348408855,BH22,265962.819551,-32.9168648557,-56.9810374626,0.0,-3.5801593537,2.06819017089,-0.115592260606
71.4313811012,BH23,211008.220099,29.7616998063,33.2013630288,0.0,6.72571110212,-6.02892702423,-0.428472827758
75.1215680927,BH24,221909.028356,42.0785054518,-24.6851134796,0.0,-3.81441972204,-6.50210019096,0.293580259029
91.0806817086,BH25,269052.232176,-19.280758215,-52.4125565775,0.0,-5.39296961083,1.98388611274,-0.101776287616
84.1164939641,BH26,248480.029347,-10.5415293852,-67.5198468723,0.0,-3.78728212127,0.59128904494,0.00581305955709
96.8332276825,BH27,286045.246567,14.3435519466,-43.5229386751,0.0,-8.11903401794,-2.67573352669,0.267068496022
78.2373993616,BH28,231113.190448,34.5166740986,-31.284593518,0.0,-5.5544434079,-6.12828524683,0.186050999677
82.8798084634,BH29,244826.861757,49.4090064943,-2.54254263174,0.0,-0.37663357295,-7.31908697205,0.0727200669988
67.1049662789,BH30,198227.995539,4.40918630074,-66.7690560637,0.0,-3.98967098659,-0.263463401994,-0.101865348217
51.9144612041,BH31,153355.260492,42.8816544517,-0.236930188408,0.0,-0.0539776667983,-9.76934037535,-0.441437459916
84.7522347374,BH32,250358.006882,71.0469552263,-101.050945401,0.0,-0.958154112459,-0.673659529433,0.0267218909826
99.347437693,BH33,293472.220133,-42.7892049357,23.8939782791,0.0,3.64167699734,6.5214951453,-0.590370072614
93.3690263838,BH34,275811.999794,-29.1805234606,-48.1408776823,0.0,-4.83588519952,2.93126482754,0.0955341985208
66.1864615691,BH35,195514.733651,-25.8127601344,-34.6770313063,0.0,-7.7105723873,5.73956731688,-0.544350819186
37.1361862066,BH36,109700.252633,-38.6925358512,43.0392199053,0.0,3.97806779261,3.57630856282,-0.0629008147994
17.1093686821,BH37,50541.0560033,-8.91742714643,48.291037003,0.0,7.3155040973,1.35088163095,-0.0513207985313
97.6002346818,BH38,288310.984387,33.8500443883,-54.4754091877,0.0,-3.69755562502,-2.29759489468,0.0332980180663
99.0521805862,BH39,292600.030969,50.9744913626,-61.5421163649,0.0,-2.15752342032,-1.78704707361,0.0154656877932
97.466057669,BH40,287914.625641,41.754856841,28.1348718988,0.0,3.95360900664,-5.86753615482,-0.130063684873
96.914296648,BH41,286284.7242,-2.6528994354,50.9947038364,0.0,6.86852404172,0.35732148991,-0.0244496320893
95.4319478501,BH42,281905.867505,48.334722017,-1.83554931397,0.0,-0.291024952997,-7.66343355424,-0.120731763225
82.8102628226,BH43,244621.424012,103.871788832,-18.0260912643,0.0,-0.275027468718,-1.58479144119,0.0220381524068
54.7213560048,BH44,161646.824602,29.5802054041,-44.6513349384,0.0,-5.20966788036,-3.45125282818,0.146553646388
96.1398009207,BH45,283996.864686,-11.3609434652,-61.5043272567,0.0,-4.50200069842,0.831599623904,-0.0332737119723
74.1705483665,BH46,219099.717145,-51.5953599883,4.4457772193,0.0,0.574012307657,6.66168595284,-0.13216196167
77.9953241647,BH47,230398.100587,56.8241120669,77.4236726094,0.0,1.5628607527,-1.14704161613,0.0862695770803
69.2085907679,BH48,204442.099933,-26.8834240002,-60.9495673348,0.0,-3.69134542453,1.62816585118,0.0277445446949
63.0865606224,BH49,186357.629712,-33.709114399,61.5532076232,0.0,3.18753429957,1.74562727929,-0.0197692654167
71.5062507738,BH50,211229.385028,43.7395412368,9.36309680999,0.0,1.87858203007,-8.77576274585,-0.372503747376
93.752028614,BH51,276943.387955,-25.1546750242,34.7604961585,0.0,7.90520010113,5.72065308384,-0.188439557941
73.2037455589,BH52,216243.78273,48.4156587298,-20.642012301,0.0,-2.53840631035,-5.9538097278,-0.0257478248747
95.2220463561,BH53,281285.818726,-5.00047248893,80.4123611805,0.0,2.75066301372,0.171050999181,0.0684585937005
66.8693887578,BH54,197532.099805,21.3641341715,39.840416307,0.0,7.74238336338,-4.15179690162,-0.228800772883
44.2470876528,BH55,130705.847573,-30.374116448,-31.0319371842,0.0,-6.80785646878,6.66354226991,-0.299989638674
58.8086059637,BH56,173720.556422,-67.6017358784,29.0146777552,0.0,1.30419018496,3.03865240768,0.0291093575299
77.9438140011,BH57,230245.939621,47.3021917094,-4.833860449,0.0,-0.806925124326,-7.89624097111,-0.137742871185
71.7891592249,BH58,212065.096277,-10.0388468067,42.7054444309,0.0,9.08467400082,2.13555090688,0.342183483952
94.1818335174,BH59,278213.03116,8.91078123616,70.5467034001,0.0,3.51186307872,-0.443584776008,-0.186484971206
79.5816428415,BH60,235084.084189,5.60460052664,50.7006840818,0.0,6.85075189839,-0.757301965309,-0.0678771328465
87.9599230923,BH61,259833.514704,74.1580636941,-23.8928846214,0.0,-0.903861678903,-2.80538047275,-0.0370338950346
58.3412058132,BH62,172339.856898,-15.6768188877,49.9474476182,0.0,6.24241957654,1.95928492424,-0.314142431347
56.718423267,BH63,167546.159067,-26.5413780819,59.0175207129,0.0,3.8997929326,1.75381611113,0.113162177315
95.9397439205,BH64,283405.89653,-3.34591253395,-43.692083459,0.0,-9.32620916605,0.714195288312,-0.0154933228045
80.0329522037,BH65,236417.251541,-42.1097238952,-10.2966063261,0.0,-2.27033976979,9.28494086559,0.016743047652
75.7189602462,BH66,223673.724111,5.90563438013,69.0249865651,0.0,3.71610518833,-0.317942235884,-0.118324089418
48.7077708436,BH67,143882.700743,41.3314761904,86.1975941269,0.0,1.76434709243,-0.845998900329,-0.0169182780252
99.3370012461,BH68,293441.390881,-94.3596254468,-17.5973080697,0.0,-0.355795150883,1.90783141604,-0.089766722131
84.6838615561,BH69,250156.03258,-15.7637024777,-61.397567634,0.0,-4.31671151935,1.1083070339,0.0560032366478
64.2664846373,BH70,189843.123936,33.0505471153,-74.1111098772,0.0,-2.48117233039,-1.10650215794,0.0227051631589
53.606589501,BH71,158353.805593,0.213617890986,45.5635403889,0.0,8.64742041832,-0.0405421461208,0.106588525536
51.4377730293,BH72,151947.124155,27.8737680496,-55.5413822187,0.0,-4.14498181659,-2.08018340758,0.0827787605348
65.4320052561,BH73,193286.070544,16.1501952443,-54.9171861152,0.0,-5.24631515978,-1.54285061084,0.191879369866
92.7852549436,BH74,274087.539611,103.896980784,-81.0041878977,0.0,-0.633094673753,-0.812015117493,-0.0215297799162
78.4745290754,BH75,231813.671358,-41.8914056523,-11.5374226473,0.0,-2.52619424418,9.17239760336,0.0141261705125
62.827579017,BH76,185592.598339,82.3339666489,-20.9365012952,0.0,-0.610764688733,-2.40186642473,0.0711695116554
59.9162552017,BH77,176992.551035,12.5272320999,46.9964225178,0.0,7.32845992891,-1.95345333848,-0.0732757261207
89.4303145905,BH78,264177.04955,51.3698649569,28.918840143,0.0,2.52896446349,-4.49231581654,0.0579028287882
36.022369682,BH79,106410.039861,44.1132064456,12.5822809757,0.0,2.33995127939,-8.20381885129,-0.234138183609
50.1702540206,BH80,148202.874417,-128.739810134,-23.4520639657,0.0,-0.18703578575,1.02673059313,-0.0170101556527
96.3419994718,BH81,284594.15898,56.4418061515,-26.2793479901,0.0,-1.95018737146,-4.1885398991,-0.0072229115746
90.0016126181,BH82,265864.663286,12.3366711406,-71.2041220746,0.0,-3.37672073864,-0.585043282225,0.0508429503519
28.2618209078,BH83,83485.3874385,18.0753538717,52.9279771008,0.0,5.42176911913,-1.85158021915,-0.0870716266849
84.8912739707,BH84,250768.728622,81.5061205009,-8.23070822515,0.0,-0.267812437747,-2.65206252312,0.0398990501972
77.3037675822,BH85,228355.243214,75.3892340979,24.0457808996,0.0,0.86820142005,-2.72201765347,-0.0837826812811
92.5487902668,BH86,273389.023219,51.5370916593,7.05749865946,0.0,0.89907662403,-6.5654698098,-0.0874891913691
89.7690939873,BH87,265177.80351,45.7705633231,-0.739223686654,0.0,-0.138344541925,-8.56588841906,0.0101323840629
82.8071470287,BH88,244612.21996,44.2144646852,6.30885417825,0.0,1.27161504236,-8.91188428122,-0.253803393514
54.0270245475,BH89,159595.770252,-56.1802503477,40.160157693,0.0,2.18275275275,3.05346400863,-0.10906535009
73.9964918733,BH90,218585.554458,-16.1487225575,42.9691659557,0.0,7.97484433883,2.997115392,-0.310703018124
84.6320627023,BH91,250003.018824,-24.4444048598,41.9564609243,0.0,6.574809531,3.83057346857,0.0650312630423
56.3666753104,BH92,166507.095996,56.4810670962,-12.4426222806,0.0,-1.15241395512,-5.23117783805,0.177108519892
52.1334644129,BH93,154002.195726,28.7514977622,-37.0904601224,0.0,-6.44077873116,-4.99271334635,-0.427131750302
84.7557867915,BH94,250368.499646,0.0731494043889,48.1271490942,0.0,7.74674333474,-0.0117744281877,-0.113350788172
53.2797844984,BH95,157388.42398,47.6318330147,-32.7438961029,0.0,-3.0381088654,-4.41947084435,0.0753329909191
85.4384551494,BH96,252385.101214,32.8741245712,-29.7408795218,0.0,-6.13053045708,-6.77639078515,0.10604428111
81.3462865307,BH97,240296.839678,37.3761847085,-23.3324951373,0.0,-4.89876839971,-7.8473078629,0.269314585837
80.6266313769,BH98,238170.979157,-40.5235045069,-14.4110617382,0.0,-3.2539449877,9.15000273884,0.390796329002
50.2439672035,BH99,148420.623077,-40.3149221066,26.341924638,0.0,4.23195827809,6.47678826373,-0.327540967049
41.2986406446,BH100,121996.1384,112.749327501,-50.0338516193,0.0,-0.476436775143,-1.07363163649,-0.00303260691015
94.3192846893,BH101,278619.061769,53.745624713,-51.9936103638,0.0,-2.22495431583,-2.2999279878,-0.0198614262575
75.6007624027,BH102,223324.567813,62.1920326129,-6.78931899621,0.0,-0.496566510748,-4.54868605351,0.0209989726428
80.4210588352,BH103,237563.718098,49.5023589711,42.6525709071,0.0,2.73727538157,-3.17686802131,0.0288734586495
87.1511688087,BH104,257444.455453,-6.28985890601,-53.8442689799,0.0,-6.05846709117,0.707724404326,-0.088157628629
93.0431004749,BH105,274849.215023,-38.861848929,24.7141126926,0.0,4.54163679852,7.14152295693,-0.0130907206112
96.8666681138,BH106,286144.029563,19.3338970101,-50.803602328,0.0,-5.66974601982,-2.15768726228,-0.0777519908672
86.5725757907,BH107,255735.292323,3.46213270996,52.006379615,0.0,6.5857911958,-0.438424733441,-0.480389649182
59.0218948889,BH108,174350.611669,-33.4108109296,33.7206378061,0.0,5.65726364711,5.60528443084,-0.289368146951
89.5698636778,BH109,264589.277398,21.5367734066,-37.4252662343,0.0,-8.35064956132,-4.80547142335,0.15700469511
67.4288972025,BH110,199184.887126,-1.81308834268,64.3524831221,0.0,4.31875789717,0.121678126753,-0.0670365149821
92.9792416971,BH111,274660.576264,49.7065584559,49.0379872738,0.0,2.57836919186,-2.61352200776,-0.0988226569568
99.4303488309,BH112,293717.139542,43.0357264,-75.3835112023,0.0,-2.06143949105,-1.17685611233,0.0351762643028
84.8730070383,BH113,250714.768124,-66.5177645482,-18.5592897886,0.0,-1.00871920803,3.61531866464,-0.156500530053
76.2687310236,BH114,225297.746374,-108.289549762,46.2966682175,0.0,0.506579880901,1.18490831702,-0.00381947168076
96.8464699263,BH115,286084.36414,-62.801930226,-43.6744667622,0.0,-1.74581580567,2.51040506143,-0.147569700799
69.9191744083,BH116,206541.163215,-45.0019587462,-13.1071875643,0.0,-2.28445753134,7.84341134044,0.112527945325
91.5908171776,BH117,270559.171782,-31.701358066,66.6232993005,0.0,2.9684402637,1.41247264373,-0.0320246862551
55.1410538393,BH118,162886.611537,-19.7279937211,-42.0520120958,0.0,-7.53166609132,3.53335438553,0.17341827352
94.1256825948,BH119,278047.161398,-24.7928070872,-35.2740020413,0.0,-7.9060178448,5.55685104922,0.0425496543612
98.9964391491,BH120,292435.370826,59.4764298696,34.1119449223,0.0,1.89445245641,-3.30310303096,0.0244369096845
70.1686843957,BH121,207278.215439,13.3743579959,43.9097002447,0.0,8.15053904138,-2.48255456975,-0.0738365750417
86.7700036493,BH122,256318.493997,-116.549779419,10.9511225899,0.0,0.122015647156,1.29857890321,0.0122691588616
71.0537737928,BH123,209892.768531,-5.24348890861,52.0404402136,0.0,6.52120231218,0.657063081218,-0.132758006797
63.2065235168,BH124,186711.999968,20.2543024779,43.4794091175,0.0,7.06983839583,-3.29338986535,0.192520242859
77.6717916364,BH125,229442.385859,-24.8042658422,-40.8208681577,0.0,-6.72134510651,4.08413731415,0.0849489468074
97.3197253699,BH126,287482.360193,56.8912047564,-33.4195982435,0.0,-2.08304490855,-3.54603109067,0.0883573055698
63.9810771735,BH127,189000.030606,-10.9925478207,43.1950528383,0.0,8.75972015309,2.22922849613,0.443963444219
99.1256046292,BH128,292816.92551,34.4645848685,51.8612444823,0.0,3.84695437906,-2.55650798599,0.243183140595
77.1624616664,BH129,227937.825696,29.4512644147,-48.4916615403,0.0,-4.75832923232,-2.88995691098,-0.0214816780561
91.2309572005,BH130,269496.145812,-67.8025043376,-80.2921909408,0.0,-1.23675160321,1.04437125154,0.0266350522291
81.2954691086,BH131,240146.72507,-13.3889476667,69.4039756781,0.0,3.51755769623,0.67858354582,0.0325058174022
81.4963306123,BH132,240740.069728,-76.1867301888,-20.3570151625,0.0,-0.74264356562,2.77936546732,0.0403872693324
86.1098911311,BH133,254368.522355,20.1808956751,37.9918444823,0.0,8.57267375678,-4.55372033392,0.0425283475324
49.1157008581,BH134,145087.725551,-31.8426836811,-35.8018954648,0.0,-5.8404087465,5.19453749218,0.67571119608
70.1576487455,BH135,207245.616141,-33.4016244204,-42.1112490205,0.0,-4.86149283215,3.85601855748,-0.0701149352957
63.1133668575,BH136,186436.815301,-41.136377848,30.637594689,0.0,4.07160241314,5.4668448034,-0.126077261914
58.8462079412,BH137,173831.632621,6.92071474283,-68.0666658835,0.0,-3.80458881954,-0.386833607788,0.0571517180267
82.3570567652,BH138,243282.653824,-31.4930653884,50.7240473873,0.0,4.26935505957,2.65071667154,0.272605851304
96.363266722,BH139,284656.982414,-75.0832667387,-82.6728472926,0.0,-1.0609486464,0.963550825001,0.0152230920127
91.9655576701,BH140,271666.154779,-9.31872569779,-45.8480246618,0.0,-8.03538624055,1.63321235329,0.179928049841
59.7881213135,BH141,176614.043673,3.7457680699,-47.3711472601,0.0,-7.92254976605,-0.626457995263,-0.16767168667
65.4285471531,BH142,193275.855311,-11.1325149333,-43.6282984392,0.0,-8.58147257487,2.18971115096,0.0456370698965
62.4181988844,BH143,184383.289883,-35.7451324742,-31.0698754376,0.0,-5.24865192963,6.03844579011,0.102495500306
80.8183477791,BH144,238737.309195,-31.8459983038,-72.56631658,0.0,-2.60863463488,1.14480902535,-0.00907155262967
75.4255829435,BH145,222807.087886,-12.4929835601,50.8815770392,0.0,6.34349723232,1.55752260932,-0.111127642847
30.9759859119,BH146,91503.0278331,56.192145806,-33.9935490195,0.0,-2.14867898668,-3.55181751811,0.0056355581001
24.8646349814,BH147,73450.1040012,-62.1297719528,31.2799352811,0.0,1.66355811103,3.30424232467,0.0731039172694
80.5694252043,BH148,238001.992187,-70.5463872977,59.7434901127,0.0,1.35227196072,1.59679157165,-0.0312401586985
66.1250778038,BH149,195333.406077,31.972916925,-40.6958168022,0.0,-5.26452303721,-4.13610466493,-0.0984021842142
54.2592702315,BH150,160281.823743,-8.05661475834,-44.7644393153,0.0,-8.54103566766,1.53719861265,0.472525552152
98.8135565369,BH151,291895.135794,-44.4404253133,-5.09019900427,0.0,-1.02124566081,8.91607410195,-0.0851788357927
95.7886674845,BH152,282959.616907,35.8010641174,-43.6817353667,0.0,-4.34508208342,-3.56118091366,0.054174242592
55.7033576965,BH153,164547.656504,4.43610283492,84.2829800155,0.0,2.50755962521,-0.131981479061,-0.0483500181885
92.2009159941,BH154,272361.403006,-45.6429932616,-44.1124219049,0.0,-3.08868273183,3.1958509424,-0.0393810547507
76.8530162959,BH155,227023.724416,43.1334840429,82.5971437699,0.0,1.82554046615,-0.953324981622,0.0072586680264
82.0930690283,BH156,242502.834343,57.9415954378,-33.6682457683,0.0,-2.00288967722,-3.44688654654,-0.0916713297383
34.6403910687,BH157,102327.676579,45.4090032985,-21.6100988895,0.0,-3.04768747898,-6.40406374322,-0.25813517802
87.4635145517,BH158,258367.124429,-67.9935107571,22.4744406451,0.0,1.09528829821,3.31365295637,0.124498424857
55.5635324148,BH159,164134.612778,46.0021033824,1.808900587,0.0,0.332785631936,-8.46306267712,0.0022536772505
69.8993818356,BH160,206482.695977,34.2731669657,26.4519348203,0.0,5.85543941358,-7.58675892871,-0.0880488238235
91.3679022685,BH161,269900.68139,-68.8762576778,-46.8359349023,0.0,-1.44984451857,2.13212066466,0.0121715677002
99.0295308021,BH162,292533.123532,-47.172445505,-23.9178760164,0.0,-2.89844452428,5.71650744729,0.101059534791
88.9796755594,BH163,262845.862355,-52.2566235105,11.1656798302,0.0,1.31188674868,6.13977589869,0.20508115837
69.7238495007,BH164,205964.173655,-41.4072152091,17.3546183714,0.0,3.44323664559,8.21538323392,-0.355556970998
84.6076645074,BH165,249930.946584,-75.6334068064,-87.9201116289,0.0,-1.00742160192,0.86663593155,0.00842417113323
83.3267594728,BH166,246147.15454,43.5998407917,-36.7784654743,0.0,-3.55110521442,-4.20973577844,0.128131420177
66.7360508225,BH167,197138.219693,-91.9551289131,-73.6124904662,0.0,-0.805075426493,1.00568278779,0.0166209626733
86.5505985493,BH168,255670.371576,26.936872209,45.9868124408,0.0,5.4462137892,-3.19013119362,0.144851097322
34.9999144655,BH169,103389.708292,-21.9180391669,-41.0203601064,0.0,-7.31877155929,3.91057321959,0.206151415738
93.5016987829,BH170,276203.913913,12.451775757,50.1169972876,0.0,6.52594351627,-1.62139772263,0.234225956492
72.5849956012,BH171,214415.996045,-42.8617665443,-7.41630530422,0.0,-1.61851381173,9.35403254065,0.548688341327
30.8214485629,BH172,91046.5246767,-47.4020025035,36.2634586037,0.0,3.05577989725,3.99438144945,-0.285088351936
86.3994162567,BH173,255223.779253,-43.2109584343,0.533235688885,0.0,0.118693608672,9.61838207319,0.451451010084
90.1305535901,BH174,266245.554774,-35.0857218728,56.9044613879,0.0,3.40986070793,2.10242609289,0.095464182449
46.2870025685,BH175,136731.753959,-22.9869601656,-36.3056948444,0.0,-8.21991033917,5.20443837643,-0.323744298588
65.3522210232,BH176,193050.388009,63.4101003015,16.1924527503,0.0,1.03431963967,-4.05042479399,-0.109018298396
85.5166596923,BH177,252616.117346,60.1289457492,84.3199028335,0.0,1.35714427451,-0.967786391034,0.0505934433503
63.5237701568,BH178,187649.146189,-48.6231154961,-33.3673613052,0.0,-2.91493047522,4.24765386341,-0.0299410743103
51.098770947,BH179,150945.712382,2.804478494,49.884701668,0.0,7.17404411127,-0.403319088865,0.0721230506541
44.1991050657,BH180,130564.107064,26.3634629136,68.8261415313,0.0,3.07640504823,-1.17839949461,0.0359350640519
74.6672161472,BH181,220566.873215,51.6054288667,7.45678527781,0.0,0.943201524491,-6.52752055553,-0.0739952369844
76.2922787323,BH182,225367.306279,2.27931059291,51.4505757671,0.0,6.75438852885,-0.299225987131,0.0691493924749
47.6083671371,BH183,140635.063421,-38.6089813659,44.9577651166,0.0,3.86999503403,3.32348740573,0.0828961860588
72.410173907,BH184,213899.572955,-61.2608053502,38.5929674571,0.0,1.81967703779,2.88847653232,-0.184607604527
78.052960974,BH185,230568.359657,55.4239480576,-8.76845704309,0.0,-0.889387185317,-5.62166740624,0.410422179026
52.3185058222,BH186,154548.807843,47.6051750581,-9.45382290033,0.0,-1.48359220639,-7.47069914939,0.118306455576
74.3161467023,BH187,219529.814467,-37.2530008027,-53.6128649175,0.0,-3.44988671589,2.39716032326,0.0408553027533
64.3524301161,BH188,190097.006785,36.8924011459,62.3067029198,0.0,2.93705802199,-1.73906044869,0.105182384506
41.3578300097,BH189,122170.983718,22.4232730627,-67.080318603,0.0,-3.39326123317,-1.13428237654,-0.148713809318
62.4906414461,BH190,184597.28513,-54.2753299147,-1.83573541969,0.0,-0.205458144421,6.07457286737,-0.0252741040126
68.8305177428,BH191,203325.272639,15.8343702082,-41.3252674971,0.0,-8.56249866743,-3.28084443294,0.497707597386
96.4769838288,BH192,284992.90262,21.4477163277,87.3662896388,0.0,2.14607149676,-0.526843166532,0.0403745567944
58.7933691942,BH193,173675.547022,-2.32086912235,-52.2931769566,0.0,-6.53755199951,0.29014880056,-0.158477311752
76.6899417441,BH194,226542.002372,18.9135300775,-40.1198929707,0.0,-8.25668838317,-3.89241128309,-0.0733985767084
93.3990898762,BH195,275900.807317,92.2254628192,-18.3761188346,0.0,-0.395133247648,-1.98308179042,0.042351191936
97.9700841,BH196,289403.519156,-1.28204355438,-55.1661804776,0.0,-5.88461203899,0.136756412521,0.00171131828416
85.0148796386,BH197,251133.859627,28.3089333482,-46.6378052313,0.0,-5.14795107812,-3.12478263562,-0.10373404379
94.2071821939,BH198,278287.911122,31.9698565198,-28.3096538737,0.0,-6.53164782664,-7.37613553268,0.110716985805
96.3903067469,BH199,284736.858617,-33.0620496048,26.9942937946,0.0,6.23700884015,7.63895870836,0.155965476671
83.7191720599,BH200,247306.340885,-45.8524358622,32.5656042893,0.0,3.2807680992,4.61932803429,-0.166142323605
90.0970683931,BH201,266146.639539,-40.2151759745,-49.3182227304,0.0,-3.42713027256,2.79455826606,0.010158111473
94.8968894444,BH202,280325.305571,36.9655616912,-28.0367953891,0.0,-5.03923442688,-6.6440592977,0.184657501124
64.8800824869,BH203,191655.691299,55.5397212277,11.2952806698,0.0,1.11178118688,-5.46670941523,0.15764873993
67.983047661,BH204,200821.846963,43.0700002974,-21.312232033,0.0,-3.44614464568,-6.96433159534,0.0821707944138
83.6444195101,BH205,247085.521936,-26.1550734493,-36.9597605123,0.0,-7.1487048236,5.05887746935,-0.0192428325988
80.1280098446,BH206,236698.051706,-43.0050102333,42.319807593,0.0,3.45130825829,3.50718860524,-0.00610716894195
87.548661103,BH207,258618.647247,14.0630666646,89.5359211254,0.0,2.15067758966,-0.337798750906,-0.073739260535
89.1020129003,BH208,263207.246724,-20.5399573599,46.504251279,0.0,6.34759532634,2.80360039685,0.366629366027
49.7156230995,BH209,146859.895183,18.2838984262,-50.2552229404,0.0,-5.89078002926,-2.14318865591,-0.163958876969
57.2060427475,BH210,168986.586469,-61.8314432338,35.078497783,0.0,1.74758699149,3.08040060691,-0.10243267119
73.851934374,BH211,218158.531767,-19.7163965697,-40.573217628,0.0,-7.93595803553,3.85644779823,-0.504398307726
60.5815852255,BH212,178957.935184,-38.5315744975,38.0363024236,0.0,4.2958721391,4.35180884609,0.209828325971
60.763384162,BH213,179494.969039,75.8832839517,15.7203437859,0.0,0.604372407336,-2.91735114849,0.0153078313127
98.4031958338,BH214,290682.930735,49.3529311764,30.8129567126,0.0,2.80302453238,-4.48958787443,-0.017636587107
62.187256152,BH215,183701.085309,45.1724326959,26.1941951428,0.0,3.29874080899,-5.68874692897,-0.00199358675021
83.0215371449,BH216,245245.528124,10.0800983999,46.0730679159,0.0,7.88190812462,-1.72444365155,-0.18798600587
80.2252752501,BH217,236985.373606,62.8998037874,2.10663017149,0.0,0.151345324105,-4.51887156994,-0.0382893511773
93.6696514277,BH218,276700.045838,37.8850351523,-38.0160975173,0.0,-4.40828115427,-4.39308338829,0.0856970313383
66.8119792727,BH219,197362.51225,-25.0930088989,-39.2902760785,0.0,-6.96008424093,4.44510635267,0.26077938922
85.0459183241,BH220,251225.547869,-42.6749107975,34.9671723287,0.0,3.73199763006,4.55463382804,0.0271809009159
99.4373874801,BH221,293737.931704,43.171453333,-45.8325514014,0.0,-3.28825983535,-3.09733915499,-0.17246278242
99.8450499356,BH222,294942.166143,-85.1063348338,-52.7639914803,0.0,-0.939540641128,1.51544373635,0.0671331285563
40.8228015473,BH223,120590.510237,-41.8046979616,34.1152427133,0.0,3.89281078273,4.77023658782,-0.0928922902545
97.6265949196,BH224,288388.8525,46.7010451878,29.7032078064,0.0,3.14001705449,-4.93691049492,0.122064153613
86.9091873676,BH225,256729.642546,34.2124497753,48.0513870667,0.0,4.19437333655,-2.98638178574,0.0810871001597
85.8395190969,BH226,253569.843667,-26.5731474762,62.7315419333,0.0,3.55140897361,1.50438059541,-0.129204782847
91.8051582858,BH227,271192.335177,9.85188841291,48.419703715,0.0,7.19990058664,-1.46495355653,-0.201136398039
97.515199298,BH228,288059.789958,-3.12446218724,-69.3205487424,0.0,-3.71366453933,0.167384774641,-0.0767275904523
36.5657280443,BH229,108015.119858,57.3736431057,-10.6853532411,0.0,-0.963143010499,-5.17147370774,-0.0238612724137
74.3498656081,BH230,219629.420077,-79.8404296862,-32.3568355607,0.0,-0.905188194158,2.23355013295,0.0456926375541
79.7643829744,BH231,235623.898338,-9.8222745445,-54.5335958962,0.0,-5.74481983432,1.03472358083,0.0330145299948
98.4668878518,BH232,290871.076885,-10.0268109826,-81.8103787093,0.0,-2.61357875301,0.320324395975,-0.0793151448386
91.3698972109,BH233,269906.574447,-17.6631750667,-45.5839540414,0.0,-6.99978946847,2.71232519012,0.228434412903
97.6912965594,BH234,288579.981072,51.68124252,7.1648190378,0.0,0.90448838033,-6.52425177715,0.240889290722
92.2952874675,BH235,272640.176233,-32.9540575951,37.4561644567,0.0,5.41082263783,4.76045968482,-0.208736763775
58.2443848629,BH236,172053.847919,49.442217876,67.2748768272,0.0,2.06780738265,-1.51969038013,0.0643517927992
97.0997166958,BH237,286832.454815,-49.6893729083,12.796154369,0.0,1.69869618741,6.59629025096,0.242802721226
99.5437881584,BH238,294052.239189,36.9518408826,47.3766701655,0.0,3.91273156064,-3.05176859286,0.088320590279
81.8045354397,BH239,241650.506444,-34.5592974141,-25.0934777976,0.0,-5.78712390536,7.97015614298,-0.0137416407827
73.1516954754,BH240,216090.026841,-15.5475783201,42.5538682806,0.0,8.21594248608,3.00179547564,0.282778460425
30.4522347167,BH241,89955.8673867,-54.0203706758,-56.5548226736,0.0,-2.11514859911,2.02036017366,-0.00196127431594
55.286120618,BH242,163315.13864,30.0874335937,54.8908124244,0.0,4.00804315539,-2.19693837552,0.0754459866934
32.3146645558,BH243,95457.4830542,-38.5007050218,23.8068435431,0.0,4.60821027213,7.45245139466,-0.301131979977
95.8996552371,BH244,283287.474604,48.471190685,3.60663745818,0.0,0.563528471915,-7.57350754972,-0.128709945897
86.0726758182,BH245,254258.588362,-46.8463417221,1.79465687788,0.0,0.312614673518,8.16025280568,-0.15416648254
8.78777033084,BH246,25959.0637554,44.5543240762,44.3929578594,0.0,3.19535621833,-3.20697118091,0.261999271274
94.3675007002,BH247,278761.491811,3.44984577934,50.8154362561,0.0,6.89757810524,-0.468274651704,-0.0153682232567
43.4138201863,BH248,128244.376407,-48.4617663292,-56.0225818546,0.0,-2.4665024039,2.13362289262,-0.00965858201686
49.741069846,BH249,146935.064844,-20.210849605,-37.76776635,0.0,-8.63262070335,4.61961655651,0.206240173895
98.2159626954,BH250,290129.844252,-79.3659177703,44.6051392701,0.0,1.05707648605,1.88085603681,0.0641793688238
81.3447846494,BH251,240292.403123,-49.2896719028,-6.47010867564,0.0,-0.944687027856,7.19668184697,-0.164194978327
87.7575329381,BH252,259235.654415,41.727624567,-9.47360175644,0.0,-2.17241061952,-9.56864528056,0.21291957715
64.4495803983,BH253,190383.98861,-38.8522006026,-33.1807936096,0.0,-4.46152950602,5.22411372681,0.0854045503587
91.570180129,BH254,270498.209964,-49.3784726083,-37.9334411366,0.0,-2.81405662908,3.66309551715,-0.155858357785
88.8914629162,BH255,262585.282305,-98.1813351787,52.4929297429,0.0,0.679954960823,1.27176909809,-0.0202358206637
83.6387873626,BH256,247068.884579,-38.658361448,22.4711258888,0.0,4.51327046335,7.76443698229,-0.170977752816
93.0899685131,BH257,274987.663155,-36.6424959364,-37.2704009787,0.0,-4.6805151213,4.60166115226,0.174283742909
83.3886105898,BH258,246329.862671,24.4048618958,46.9303229574,0.0,5.68487975294,-2.95626998755,0.230739262745
91.2428447761,BH259,269531.261697,-32.3784502408,29.4212907131,0.0,6.31080319856,6.94510751879,0.0435635144126
59.3316054884,BH260,175265.496434,17.6387593467,82.110777616,0.0,2.4794243045,-0.532621537577,-0.018329692179
94.1304202311,BH261,278061.15637,-52.8028798041,43.7387871759,0.0,2.42897159898,2.9323331457,0.00560323221766
89.0970155438,BH262,263192.484538,-110.643937773,44.5549047189,0.0,0.469267219797,1.16533911123,-0.0441175982987
98.5203967912,BH263,291029.142232,-45.899561521,9.75609011366,0.0,1.69461334629,7.97266206401,-0.177739580096
50.1402174941,BH264,148114.146551,52.3747518752,57.0308359668,0.0,2.19793271006,-2.01849014443,0.00510769382869
46.4373019042,BH265,137175.738029,15.8022342717,63.9020124724,0.0,4.01108501987,-0.991895289604,-0.0611829005017
85.7895026157,BH266,253422.095037,-24.434995945,-77.8190453426,0.0,-2.56538060572,0.805523434813,-0.0374080087198
72.8580845733,BH267,215222.700564,-44.7573233547,-50.1385216611,0.0,-2.9566268718,2.63930208862,-0.0492160775206
86.6062473488,BH268,255834.758068,15.5989593948,58.7345179841,0.0,4.6876664347,-1.24497009393,0.0454822079964
79.9396263197,BH269,236141.566984,48.2763711728,-69.1448793031,0.0,-2.06224988542,-1.4398454654,0.0752748865755
68.8177923682,BH270,203287.681896,81.9291062616,6.94708307785,0.0,0.223557501859,-2.63648298432,0.0168448482791
92.5527813373,BH271,273400.812837,-69.8950942734,-106.313244506,0.0,-0.922506292508,0.606497004038,-0.0206812943736
86.7997099581,BH272,256406.2464,-71.3072905162,-38.3287184869,0.0,-1.29232841325,2.4042660763,0.0786862779381
75.0850412196,BH273,221801.128013,1.58034987376,-73.0318462369,0.0,-3.35292709637,-0.0725546208472,0.0490228289041
89.2167617175,BH274,263546.214601,61.5178750596,20.7485621215,0.0,1.35764603847,-4.02531504982,-0.121877261043
77.2932789724,BH275,228324.259872,22.2904858942,-46.8030230558,0.0,-6.0241925243,-2.86909198849,-0.108608158116
90.3988099177,BH276,267037.983666,-62.1927770934,68.0375639609,0.0,1.55336393286,1.41992174906,0.0162484765384
52.1066101301,BH277,153922.868205,-4.78205073626,-47.6023438496,0.0,-7.8005861386,0.783633654788,0.163393078349
64.8733306475,BH278,191635.746373,86.4059218291,49.3207338468,0.0,0.895412250057,-1.56868957229,-0.0360955655313
61.941996604,BH279,182976.588878,-63.0125402502,84.7770957672,0.0,1.2859076018,0.955780612481,0.0290711388088
92.8214585989,BH280,274194.485168,-4.26376623774,124.565474522,0.0,1.14979101116,0.0393563313805,-0.00193040783533
97.2045420149,BH281,287142.10869,6.15560168756,-42.140518299,0.0,-9.80189714,-1.43179479066,-0.105088210422
85.8677405953,BH282,253653.209942,36.2141046065,50.5529404319,0.0,3.76497834792,-2.69707990411,-0.0379065162048
80.3228228031,BH283,237273.528968,-51.0023801024,11.0072246088,0.0,1.389465247,6.43813833052,-0.291311597549
75.564164432,BH284,223216.457448,39.4109228225,-44.641177165,0.0,-3.78717030068,-3.3434574515,0.00711118080705
70.292139563,BH285,207642.901866,43.9398812893,4.73931005706,0.0,0.986011720868,-9.14167620249,-0.31351325575
69.7059289585,BH286,205911.236394,-45.2475749428,36.4478836894,0.0,3.32945544825,4.13329306572,-0.250341381904
87.7075509088,BH287,259088.007556,10.7871385717,50.3195997221,0.0,6.62067375177,-1.41929040757,0.257561985677
70.6437939359,BH288,208681.688491,58.5499621748,-16.3444488411,0.0,-1.30331838851,-4.66881710673,-0.130812821521
91.1657675795,BH289,269303.575744,-42.9575229546,-29.6206609452,0.0,-3.73839597219,5.42162887877,-0.174665126069
78.9318529911,BH290,233164.605696,-38.0940120038,102.899257469,0.0,1.39241598721,0.515481963969,-0.00739994691755
89.0680315424,BH291,263106.86583,27.2311009503,45.9168567695,0.0,5.41066763018,-3.20880928731,0.173128698575
91.842046914,BH292,271301.304144,-9.54167717887,73.1765286178,0.0,3.25843808983,0.424876185681,-0.0785241346983
43.1070620653,BH293,127338.213259,83.8687958774,16.8509599844,0.0,0.481457554046,-2.39625904763,-0.0971416776583
26.9865193509,BH294,79718.1480619,-20.4851099217,-47.346145752,0.0,-6.18418353985,2.67569149669,-0.0962512688231
59.2114520609,BH295,174910.563344,-43.1172379839,-33.8841502998,0.0,-3.68282414389,4.68635641326,0.206697081539
61.2850436622,BH296,181035.950621,-118.512913357,43.0877807652,0.0,0.384018420951,1.0562424205,-0.0151927098585
87.8529840732,BH297,259517.616961,63.6459069549,1.13521020937,0.0,0.0788115458675,-4.4185933793,0.0418832137322
68.3107881731,BH298,201789.99207,-6.41713917884,-53.0176172469,0.0,-6.24029089478,0.755311484516,0.255486883086
55.9738559965,BH299,165346.708181,28.6008922704,48.7120017655,0.0,4.84302994744,-2.84354928496,0.197302349325
44.2366997687,BH300,130675.161775,38.7982802178,28.8986751424,0.0,4.57943203079,-6.14817413923,0.0154263414205
